StromalScore	ImmuneScore	ESTIMATEScore	TumorPurity
TCGA-L5-A88Y-01	351.121690865704	1560.75336426389	1911.8750551296	0.632803139562412
TCGA-JY-A6FA-01	-1526.34880413097	-681.546654821921	-2207.8954589529	0.960808058866729
TCGA-S8-A6BW-01	503.523806714838	-156.026913478295	347.496893236543	0.792440986217371
TCGA-L5-A893-01	-658.072506638725	1270.81169808383	612.739191445109	0.768098394131392
TCGA-L5-A88V-01	-948.229966726373	-173.366775122968	-1121.59674184934	0.904602609719104
TCGA-JY-A938-01	-217.370839850352	1445.51751383245	1228.1466739821	0.707201015522967
TCGA-VR-A8EY-01	-1013.80496033278	-200.309070112275	-1214.11403044505	0.910307769227615
TCGA-L5-A8NI-01	-34.8457304645428	170.443795760855	135.598065296312	0.811026641750427
TCGA-VR-A8ET-01	-1009.41770844649	-180.555225332709	-1189.9729337792	0.908835233431292
TCGA-IG-A51D-01	-58.1503670525234	783.851690475412	725.701323422889	0.757375607959972
TCGA-IG-A97H-01	-308.007201140798	842.219956536829	534.212755396031	0.775428161714198
TCGA-2H-A9GH-01	-423.12747104798	509.795064654689	86.667593606709	0.815207471622452
TCGA-R6-A6DN-01	-769.660439540703	441.743840453136	-327.916599087567	0.848922635646935
TCGA-R6-A6DQ-01	-123.209165346848	1047.26976407289	924.060598726038	0.738044569924192
TCGA-L5-A4OP-01	-1066.19556979216	529.721190355802	-536.474379436362	0.864702281711855
TCGA-Z6-A8JE-01	206.423269155957	-103.147631315459	103.275637840499	0.813793112739968
TCGA-LN-A9FQ-01	127.848304721849	-11.3277491772926	116.520555544557	0.812661694314949
TCGA-LN-A7HV-01	-951.556877883413	-52.335859791725	-1003.89273767514	0.897103288837939
TCGA-IG-A3I8-01	-956.920818921147	-586.39221226648	-1543.31303118763	0.929239646859855
TCGA-2H-A9GI-01	-1165.81142780401	496.330872744765	-669.480555059246	0.874343350150672
TCGA-LN-A49Y-01	-502.273849710864	-295.31520412535	-797.589053836214	0.883314360463027
TCGA-L5-A8NE-01	-1421.78720814109	-124.139119266539	-1545.92632740763	0.929381310665808
TCGA-VR-A8EZ-01	-24.3420419267333	201.182097346817	176.840055420084	0.807470246180543
TCGA-VR-A8EU-01	-197.610892926323	729.571396961829	531.960504035506	0.775636874769754
TCGA-R6-A8WC-01	-1614.06344089994	-838.278721480473	-2452.34216238041	0.970134458002716
TCGA-LN-A7HY-01	447.927841327237	661.821224783495	1109.74906611073	0.719381047371582
TCGA-L5-A8NJ-01	-1931.69639819162	-288.78485182099	-2220.48125001261	0.961318558319538
TCGA-L5-A88Z-01	-694.114877932223	-179.772900094623	-873.887778026846	0.888509091750618
TCGA-IG-A3QL-01	-515.471539063275	-821.202215199844	-1336.67375426312	0.9176068410089
TCGA-L5-A43E-01	-1309.40310350399	281.601558877749	-1027.80154462624	0.898648346989625
TCGA-JY-A6FG-01	-1124.64861592976	-186.221147961008	-1310.86976389077	0.916094681761359
TCGA-LN-A4A1-01	-170.936552737965	262.879058584891	91.9425058469268	0.814758779064794
TCGA-LN-A9FR-01	704.161191576484	512.039403437009	1216.20059501349	0.708439706466395
TCGA-L5-A8NS-01	477.952827853895	1064.86947164749	1542.82229950138	0.673800898828631
TCGA-L5-A4OO-01	659.887887673511	1539.19910870584	2199.08699637936	0.59960597089899
TCGA-IG-A3YA-01	718.162548178283	1594.38004964172	2312.54259782	0.58619534512776
TCGA-R6-A8W8-01	-984.080514878898	444.634863868675	-539.445651010223	0.864921270047913
TCGA-LN-A9FO-01	-798.945277173462	1003.09295028602	204.147673112554	0.805099152552509
TCGA-L5-A8NN-01	-961.815642288116	178.091938124526	-783.72370416359	0.882358434306932
TCGA-L5-A4OM-01	-1485.84464787963	-323.823812825248	-1809.66846070487	0.942971611136317
TCGA-LN-A4A4-01	51.6607184073477	-511.272898522831	-459.612180115483	0.858980349466817
TCGA-IG-A7DP-01	1896.66325024429	3331.08184436886	5227.74509461315	0.197137035815862
TCGA-2H-A9GR-01	-142.193299235066	502.082036679432	359.888737444366	0.791330192192838
TCGA-LN-A4A3-01	-997.147975284139	-47.1785318079024	-1044.32650709204	0.899709771451956
TCGA-V5-A7RB-01	-1210.55254728374	107.84374499578	-1102.70880228796	0.903417326891335
TCGA-L5-A4OH-01	-1264.10407707334	-490.174229853593	-1754.27830692693	0.940234003349401
TCGA-IG-A3YB-01	17.4054608719189	930.613026619002	948.018487490921	0.73566708362225
TCGA-XP-A8T6-01	-466.694787813214	-66.0252051923789	-532.719993005593	0.864425341103974
TCGA-L7-A56G-01	-840.44638597741	-11.5857702696847	-852.032156247095	0.887032432559621
TCGA-LN-A5U7-01	-829.87776075543	-148.572752449374	-978.450513204805	0.895447001942802
TCGA-V5-AASX-01	-654.863797214356	817.695463110962	162.831665896607	0.808681548434889
TCGA-JY-A6FD-01	-900.966097998335	508.064343703878	-392.901754294457	0.853925496442777
TCGA-L5-A4OJ-01	-1220.13978335367	133.821662616164	-1086.3181207375	0.902383127270706
TCGA-L5-A88W-01	-674.864644943831	-60.926133864772	-735.790778808603	0.879025635883399
TCGA-L5-A8NG-01	3.59759891237665	780.423715798263	784.02131471064	0.751757963880072
TCGA-VR-A8EX-01	-1678.37162485113	404.033591751901	-1274.33803309923	0.913931388180751
TCGA-LN-A8HZ-01	-1207.97190616028	-554.643056947647	-1762.61496310793	0.940650012932667
TCGA-JY-A93D-01	1616.79321429542	1988.65925560801	3605.45246990343	0.42283414373944
TCGA-V5-AASW-01	-1659.46014114962	-133.428757238578	-1792.8888983882	0.942148870047944
TCGA-M9-A5M8-01	-962.323003124923	307.407364401716	-654.915638723207	0.873303783549053
TCGA-2H-A9GN-01	-373.009274683984	-80.9946784164051	-454.003953100389	0.858558561401884
TCGA-L5-A8NU-01	1270.7907234728	2410.86458333608	3681.65530680888	0.412671349114799
TCGA-L5-A4OG-01	-681.817009139339	1120.41336711908	438.596357979741	0.784213935581912
TCGA-L5-A8NM-01	-643.451462700589	1187.30398099725	543.85251829666	0.774533900670264
TCGA-L5-A8NL-01	1321.22791537779	866.113074034607	2187.3409894124	0.600984930290774
TCGA-L5-A43J-01	-249.82795002495	361.727875602946	111.899925577996	0.813056750735929
TCGA-L5-A88S-01	1268.61235580807	705.511766920369	1974.12412272844	0.625701584128464
TCGA-R6-A6XG-01	-1554.26663957424	-711.114863183278	-2265.38150275752	0.963113039024365
TCGA-LN-A7HZ-01	146.040137909571	1386.45573273736	1532.49587064693	0.674920168548686
TCGA-IG-A5B8-01	-1021.22449188128	471.947525262755	-549.276966618526	0.865644683537086
TCGA-V5-AASV-01	-769.127527845598	1019.06574273847	249.938214892876	0.801094191660088
TCGA-XP-A8T8-01	-1477.72141122977	-144.445546581099	-1622.16695781087	0.933453948163304
TCGA-L5-A4OE-01	-694.416327776591	1158.09343314207	463.677105365481	0.781924251311489
TCGA-LN-A5U5-01	-1104.88545215976	433.953670137497	-670.931782022265	0.874446712182732
TCGA-2H-A9GL-01	98.8257719507009	851.224836656497	950.050608607198	0.735465004939934
TCGA-JY-A93E-01	333.58139083486	1714.76844053947	2048.34983137433	0.617165463636908
TCGA-S8-A6BV-01	74.6678539783073	602.56473206697	677.232586045277	0.76200211969361
TCGA-L5-A8NF-01	-1035.87917458985	-278.951771484233	-1314.83094607409	0.916327668491162
TCGA-LN-A4A8-01	225.514803562298	451.330481213579	676.845284775876	0.762038933937735
TCGA-2H-A9GJ-01	-1611.04412376358	-540.387674849533	-2151.43179861311	0.958477472263612
TCGA-JY-A6FE-01	89.9926262103789	1220.41742757831	1310.41005378869	0.69861226858085
TCGA-L5-A4OW-01	-651.440339148154	568.615497429079	-82.8248417190746	0.829363144922537
TCGA-IG-A8O2-01	-1205.16280444207	463.390518330953	-741.772286111116	0.879443912596271
TCGA-VR-AA7I-01	341.224251758911	1377.20516668941	1718.42941844832	0.654532140021415
TCGA-JY-A6FB-01	-853.555339734043	-11.0751996367491	-864.630539370792	0.887884748652864
TCGA-JY-A939-01	282.233564299042	1761.25029258822	2043.48385688726	0.617727316550921
TCGA-LN-A49W-01	1297.30433292207	1885.55254485911	3182.85687778118	0.478198786638363
TCGA-L5-A4OI-01	-1304.81865576041	-73.4274775489458	-1378.24613330935	0.920015356416802
TCGA-LN-A49O-01	-370.526585484678	1164.97543555752	794.448850072846	0.750747718922184
TCGA-L5-A4OS-01	420.54837103318	1648.14586872689	2068.69423976007	0.614812976366385
TCGA-LN-A4A9-01	371.336311956721	1609.94698938437	1981.28330134109	0.624881483272254
TCGA-VR-AA4G-01	-34.7190804916501	816.326654103534	781.607573611884	0.751991562035137
TCGA-L5-A891-01	-868.254028831273	-91.5805635926886	-959.834592423961	0.894227193272196
TCGA-KH-A6WC-01	-1165.30594622474	36.3282457568738	-1128.97770046786	0.905063901043867
TCGA-2H-A9GF-01	-384.930466815163	306.674570197821	-78.2558966173426	0.828988249485641
TCGA-Z6-A9VB-01	-1260.06943100056	-206.119397160396	-1466.18882816096	0.924997356615286
TCGA-LN-A4A5-01	677.867342510258	686.243144855546	1364.1104873658	0.692950618437423
TCGA-ZR-A9CJ-01	428.60243496503	406.66126167356	835.26369663859	0.746776583710677
TCGA-LN-A8I1-01	-838.06618303382	977.896781631774	139.830598597954	0.810663026746196
TCGA-L5-A8NR-01	-349.730653076777	201.440205207674	-148.290447869103	0.834693743262815
TCGA-LN-A49X-01	464.663378939921	612.980705607601	1077.64408454752	0.722646519656479
TCGA-VR-A8EW-01	-1282.66880687699	-188.445046897958	-1471.11385377494	0.925271811661905
TCGA-R6-A6XQ-01	-2315.2159806867	-1076.45818686395	-3391.67416755065	0.994267198415342
TCGA-RE-A7BO-01	-494.178152241721	655.59802282238	161.419870580659	0.808803436472446
TCGA-2H-A9GM-01	-414.371649528197	282.809847109436	-131.561802418762	0.833338909717542
TCGA-LN-A7HW-01	450.884828079284	-446.019437771276	4.86539030800753	0.822102974359343
TCGA-L5-A8NH-01	-834.280439179497	717.013083428158	-117.26735575134	0.832177237464335
TCGA-IC-A6RE-01	-136.949449269496	725.934307482412	588.984858212916	0.770326468086752
TCGA-V5-A7RE-01	-1689.53038081709	-440.308705404077	-2129.83908622116	0.957568801478404
TCGA-LN-A8I0-01	-410.873991671571	-63.2446851943323	-474.118676865903	0.860068664777536
TCGA-LN-A49P-01	503.333395382443	1785.98894698963	2289.32234237207	0.588953369214969
TCGA-L5-A4OU-01	257.0837483852	1828.73776207417	2085.82151045937	0.612828244917498
TCGA-LN-A7HX-01	-412.438524672321	376.799282304262	-35.6392423680585	0.825473490421031
TCGA-R6-A6L4-01	-1876.82482628389	-446.677863708671	-2323.50268999256	0.965373767073815
TCGA-L5-A8NT-01	899.336687540862	1058.21401919234	1957.5507067332	0.627597455222488
TCGA-L5-A4ON-01	-831.485547400104	80.0917822131236	-751.393765186981	0.88011530389103
TCGA-IG-A97I-01	-424.735079516291	171.139070961636	-253.596008554656	0.843106428143796
TCGA-L5-A8NV-01	-18.9932753019594	1318.7328132073	1299.73953790534	0.699732105213195
TCGA-IG-A50L-01	239.305778324181	136.972720637243	376.278498961424	0.789857007383601
TCGA-LN-A49S-01	-1132.01795946399	468.155604617137	-663.862354846849	0.873942825984327
TCGA-VR-A8Q7-01	-735.535539277324	630.96376525834	-104.571774018984	0.831142428590313
TCGA-LN-A49U-01	-31.356129842603	-717.024893600548	-748.381023443151	0.879905262092413
TCGA-L5-A43C-01	1247.69379928805	2123.60295927268	3371.29675856073	0.453725823907788
TCGA-VR-A8EP-01	-1658.92588882617	-572.768878667327	-2231.6947674935	0.961770632324762
TCGA-LN-A49M-01	-495.856040292735	-232.983450838942	-728.839491131677	0.878538692728376
TCGA-2H-A9GQ-01	-640.259096982305	-1239.53094897915	-1879.79004596146	0.946347873957841
TCGA-VR-AA4D-01	-1824.66788151942	-660.804299667718	-2485.47218118714	0.971302613670451
TCGA-R6-A6KZ-01	-29.233220222773	282.412746272295	253.179526049522	0.800809324328443
TCGA-L5-A8NW-01	-54.5644410086726	754.879175768157	700.314734759484	0.759803643435936
TCGA-IG-A5S3-01	-773.854434333611	24.7422559876812	-749.11217834593	0.879956252436581
TCGA-LN-A4MQ-01	-1228.69998889896	-1062.66204269049	-2291.36203158946	0.964132272568458
TCGA-2H-A9GK-01	195.655238855322	1651.51491513103	1847.17015398636	0.640128853569783
TCGA-LN-A9FP-01	1257.68452442502	703.192006436231	1960.87653086125	0.627217304107502
TCGA-JY-A93F-01	-1260.79359585922	-402.17370821759	-1662.96730407681	0.935585438857284
TCGA-Z6-AAPN-01	-639.945805140483	1123.33498732297	483.389182182483	0.780117246829957
TCGA-LN-A5U6-01	8.24319768588753	78.6066463938104	86.8498440796979	0.815191977252671
TCGA-IG-A6QS-01	-317.887121461961	970.449825503512	652.562704041551	0.764342149212034
TCGA-JY-A93C-01	-344.446304478628	267.164874292426	-77.2814301862025	0.82890824338753
TCGA-L7-A6VZ-01	-1347.60652084828	48.3861628387574	-1299.22035800952	0.915407698627093
TCGA-2H-A9GO-01	-1520.68971718131	-497.557543654617	-2018.24726083593	0.952719644192626
TCGA-Z6-A8JD-01	-149.492244059511	636.727939853389	487.235695793878	0.779763875160513
TCGA-JY-A6FH-01	-1803.62107431657	-565.587702757725	-2369.20877707429	0.967102240461537
TCGA-IG-A4P3-01	-465.582676352943	1559.32510315942	1093.74242680648	0.721011121458948
TCGA-L5-A4OX-01	-1034.37158695875	235.361876234289	-799.009710724464	0.883412098973279
TCGA-R6-A8W5-01	-6.86947516904447	911.099154205726	904.229679036682	0.740005608731931
TCGA-L5-A8NQ-01	-181.480942353828	967.439524271119	785.958581917291	0.751570409867812
TCGA-R6-A8WG-01	-639.254849699442	451.181455693456	-188.073394005986	0.837895485887513
TCGA-VR-A8EO-01	-646.666892270531	160.891764214118	-485.775128056413	0.860940336665749
TCGA-Q9-A6FW-01	-622.623669729106	816.3480567718	193.724387042693	0.806005724800219
TCGA-L5-A4OT-01	599.050404706472	1116.84904208605	1715.89944679253	0.654812863663766
TCGA-VR-A8EQ-01	-916.877517114727	1035.8334261705	118.955909055772	0.812453325053396
TCGA-R6-A6Y0-01	-970.058891052063	432.222059993564	-537.836831058498	0.864802717396078
TCGA-IG-A3YC-01	600.843548217354	1971.94787181021	2572.79142002757	0.554825484535141
TCGA-L5-A8NK-01	-895.223142366255	263.237897732693	-631.985244633562	0.871659046064535
TCGA-IG-A4QS-01	-1005.84656860631	797.490848232627	-208.355720373688	0.839516822780212
TCGA-V5-A7RC-01	-680.065533016493	-517.412630322336	-1197.47816333883	0.909294253694829
TCGA-VR-A8ER-01	39.7900968995859	379.292086998198	419.082183897783	0.785988082712687
TCGA-IG-A625-01	-453.679551817616	77.3797890775184	-376.299762740098	0.852654769251573
